[[ 0.24122212 -1.26335537 -0.7609417   0.95807321]], [-0.2836098  -0.07362124 -0.68987101 -0.48524226], [[ 0.33007139  0.22269271  1.53346768 -0.00184326 -1.09404155  0.95740468
   0.44596245 -0.46919374]
 [ 0.19706886 -0.73624711  0.53082657  0.15726889 -0.91927232  0.72989519
   0.53940746 -0.33576339]
 [ 0.90508217 -1.17274611 -0.0839493   0.63728714 -0.79092932  0.002501
  -0.08931216 -0.46661809]
 [ 0.28430481  0.62634493  0.90334337 -0.05777036  1.11147708 -1.1836554
  -1.10473406  0.52904461]], [ 0.24152702 -0.09112938  0.491105    0.77234275 -0.95132197 -0.95057107
 -0.98844737 -0.36131761], [[ 0.48149087]
 [-0.18847564]
 [ 0.57303733]
 [ 1.03180355]
 [ 0.49111932]
 [-1.23593303]
 [-0.13561055]
 [ 0.30552972]], [-0.59167276], 